4
0
0
0
0
0
8
0
4
0
7
15
0
16
4
5
0
5
22
0
37
31
0
54
18
0
26
24
50
0
64
32
19
17
0
25
42
63
27
0
52
31
0
25
29
30
30
45
23
30
29
0
26
23
49
0
35
54
29
33
0
63
0
31
76
0
60
26
35
0
32
81
0
34
59
0
66
0
62
0
26
74
0
88
33
0
42
35
81
0
53
106
0
110
65
0
73
81
202
0
214
134
0
415
0
637
0
1108
687
0
1904
1174
1302
0
1413
3487
0
4361
2500
0
5336
0
2968
3159
7232
3966
0
8668
4920
5228
0
5651
6283
7010
15965
9105
0
19768
10741
0
10910
22908
0
11976
24358
12241
12100
11759
0
11412
11126
20447
0
18647
8624
8253
0
8027
14654
0
7135
13388
0
12558
5966
0
5941
5763
11123
0
10642
5144
0
9840
0
9173
0
4423
8811
0
8397
4087
0
3937
3967
7175
0
6570
3125
0
6058
0
2882
2679
2489
4186
0
2712
972
664
0
490
605
0
336
116
0
170
64
0
58
53
108
0
88
36
29
40
0
35
21
48
19
0
38
21
16
0
21
21
16
42
10
14
16
0
18
10
35
0
11
26
8
22
0
34
0
10
40
0
50
39
26
0
69
0
