41
19
0
33
20
0
65
0
389
0
238
1478
0
3567
1753
2718
0
3207
8396
0
10549
5640
0
11609
5662
0
5649
5833
11417
0
11233
5550
5402
5270
0
5213
5209
10303
5296
0
10417
5188
0
5290
5157
5146
5040
9654
4626
4376
4335
0
4246
4143
7916
0
3937
7843
3825
3863
0
7227
0
3537
6892
0
6719
3271
3184
0
3197
6276
0
3034
6227
0
6202
0
5993
0
2783
5535
0
5340
2691
0
2472
2393
4661
0
2258
4433
0
4113
2074
0
1885
1965
3751
0
3645
1779
0
3513
0
3431
0
3385
1668
0
3374
1604
1707
0
1691
3317
0
3200
1693
0
3264
0
1472
1517
3013
1454
0
2963
1471
1448
0
1463
1482
1489
2987
1618
0
3224
1638
0
1643
3248
0
1744
3345
1719
1625
1649
0
1659
1671
3267
0
3203
1625
1590
0
1624
3218
0
1657
3437
0
3603
1769
0
1744
1721
3215
0
3164
1530
0
2967
0
2922
0
1458
2860
0
2825
1389
0
1296
1344
2657
0
2751
1229
0
2591
0
1290
1284
1099
2304
0
2167
1026
1018
0
944
1734
0
1526
776
0
1519
710
0
642
634
1319
0
1188
610
557
541
0
563
592
1065
589
0
1055
537
533
0
475
499
482
883
422
450
420
0
336
371
570
0
267
527
243
245
0
557
0
365
898
0
1337
660
211
0
17
0
