1843
74
0
88
33
0
77
0
81
0
53
106
0
110
65
73
0
81
202
0
214
134
0
415
279
0
358
502
1293
0
1904
1174
1302
1413
0
1655
1832
4361
2500
0
5336
2968
0
3159
3540
3692
3966
8668
4920
5228
5651
0
6283
7010
15965
0
9105
19768
10741
10910
0
22908
0
11976
24358
0
24341
11759
11412
0
11126
20447
0
9534
17737
0
16280
0
14654
0
7135
13388
0
12558
5966
0
5941
5763
11123
0
5369
10417
0
9840
4596
0
4577
4423
8811
0
8397
4087
0
7904
0
7175
0
6570
3125
0
6058
2882
2679
0
2489
4186
0
2712
972
0
1154
0
345
260
336
116
0
170
64
58
0
53
59
49
88
36
0
69
35
0
21
48
0
19
38
21
16
21
0
21
16
42
0
24
16
18
0
10
35
0
11
26
0
30
18
0
16
10
40
0
50
39
0
95
0
0
0
0
0
0
0
0
0
0
0
0
0
0
0
0
0
0
0
0
0
0
0
0
0
0
0
0
0
0
0
0
0
0
0
0
0
0
0
0
0
0
0
0
0
0
0
0
0
0
0
0
0
0
0
0
0
0
0
0
0
0
0
0
0
0
0
0
0
0
0
0
0
0
0
0
0
0
0
0
0
0
