0
0
0
0
0
0
0
0
0
0
0
0
0
0
0
0
0
0
0
0
0
0
0
0
0
0
0
0
0
0
0
0
0
0
0
0
0
0
0
0
0
0
0
0
0
0
0
0
0
0
0
0
0
0
0
0
0
0
0
0
0
0
0
0
0
0
0
0
0
0
0
0
0
0
0
0
0
0
2
0
2
0
0
0
0
0
2
6
4
0
7
15
0
16
4
0
5
5
22
0
37
31
0
54
0
44
0
48
26
0
64
32
19
0
17
67
0
63
27
0
52
0
31
25
59
30
0
45
23
30
0
29
26
23
49
35
0
54
29
0
33
63
0
31
76
33
27
26
0
35
32
81
0
67
26
33
0
33
62
0
26
74
0
88
33
0
42
35
81
0
109
50
0
110
0
138
0
81
202
0
214
134
0
181
234
637
0
1108
687
0
1904
0
1174
1302
1413
3487
0
4361
2500
2584
0
2752
6127
0
7232
3966
0
8668
4920
0
5228
5651
13293
0
15965
9105
9643
10125
0
10741
10910
22908
11976
0
24358
12241
12100
0
11759
11412
11126
20447
9534
9113
8624
0
8253
8027
14654
0
7135
13388
6370
6188
0
11907
0
5763
11123
0
10642
5144
4995
0
90081
0
