0
0
0
0
0
0
0
0
0
0
0
0
0
0
0
0
0
0
0
0
0
0
0
0
0
0
0
0
0
0
0
0
0
0
0
0
0
0
0
0
0
0
0
0
0
0
0
0
0
0
0
0
0
0
0
0
0
0
0
0
0
0
0
0
0
0
0
0
0
0
0
0
0
0
0
0
0
0
29
0
12
19
0
33
20
0
24
41
389
0
238
1478
0
3567
1753
0
2718
3207
8396
0
10549
5640
0
11609
0
11311
0
11530
5720
0
11233
5550
5402
0
5270
10422
0
10303
5296
0
10417
0
5188
5290
10303
5040
0
9654
4626
4376
0
4335
4246
4143
7916
3937
0
7843
3825
0
3863
7227
0
3537
6892
3389
3330
3271
0
3184
3197
6276
0
6134
3127
3068
0
3134
5993
0
2783
5535
0
5340
2691
0
2472
2393
4661
0
4473
2218
0
4113
0
3959
0
1965
3751
0
3645
1779
0
1804
1709
3431
0
3385
1668
0
3374
0
1604
1707
1691
3317
0
3200
1693
1623
0
1641
2989
0
3013
1454
0
2963
1471
0
1448
1463
2971
0
2987
1618
1588
1636
0
1638
1643
3248
1744
0
3345
1719
1625
0
1649
1659
1671
3267
1589
1614
1625
0
1590
1624
3218
0
1657
3437
1726
1877
0
3513
0
1721
3215
0
3164
1530
1527
0
62819
0
