29
0
0
0
0
0
0
0
12
0
0
0
0
0
0
0
0
0
11
0
0
0
0
0
0
0
0
0
8
0
0
0
0
0
0
0
0
0
12
0
0
0
0
0
0
0
0
0
21
0
0
0
0
0
0
0
0
0
20
0
0
0
0
0
0
0
0
0
24
0
0
0
0
0
0
0
0
0
41
0
0
0
0
0
0
0
0
0
92
0
0
0
0
0
0
0
0
0
297
0
0
0
0
0
0
0
0
0
238
0
0
0
0
0
0
0
0
0
883
0
0
0
0
0
0
0
0
0
595
0
0
0
0
0
0
0
0
0
1283
0
0
0
0
0
0
0
0
0
0
2284
0
0
0
0
0
0
0
0
1753
0
0
0
0
0
0
0
0
0
2718
0
0
0
0
0
0
0
0
0
3207
0
0
0
0
0
0
0
0
0
3914
0
0
0
0
0
0
0
0
0
4482
0
0
0
0
0
0
0
0
0
5227
0
0
0
0
0
0
0
0
0
0
5322
0
0
0
0
0
0
0
0
0
5640
0
0
0
0
0
0
0
0
5736
0
0
0
0
0
0
0
0
0
5873
0
0
0
0
0
468678
0
