291303
5535
0
5340
2691
0
4865
0
4661
0
2258
4433
0
4113
2074
1885
0
1965
3751
0
3645
1779
0
3513
1730
0
1701
1648
3405
0
3374
1604
1707
1691
0
1677
1640
3200
1693
0
3264
1472
0
1517
1497
1516
1454
2963
1471
1448
1463
0
1482
1489
2987
0
1618
3224
1638
1643
0
3248
0
1744
3345
0
3344
1649
1659
0
1671
3267
0
1589
3239
0
3214
0
3218
0
1657
3437
0
3603
1769
0
1744
1721
3215
0
1636
3058
0
2967
1475
0
1447
1458
2860
0
2825
1389
0
2640
0
2657
0
2751
1229
0
2591
1290
1284
0
1099
2304
0
2167
1026
0
1962
0
895
839
1526
776
0
1519
710
642
0
634
676
643
1188
610
0
1098
563
0
592
1065
0
589
1055
537
533
475
0
499
482
883
0
872
420
336
0
371
570
0
267
527
0
488
273
0
284
365
898
0
1337
660
0
228
0
0
0
0
0
0
0
0
0
0
0
0
0
0
0
0
0
0
0
0
0
0
0
0
0
0
0
0
0
0
0
0
0
0
0
0
0
0
0
0
0
0
0
0
0
0
0
0
0
0
0
0
0
0
0
0
0
0
0
0
0
0
0
0
0
0
0
0
0
0
0
0
0
0
0
0
0
0
0
0
0
0
